,Minimum System Storage (GL),Total Cost ($ million),Total Spill Volume (GL)
0,0.79304584608472695,0.031946363962899925,0.17500778995237326
1,0.23968354152246632,0.38304803811958404,0.37726842035794955
2,0.74626073178210928,0.14319460221758826,0.11054466600030241
3,0.29640510253828217,0.23325051649305267,0.47034438096866504
4,0.66873180092965634,0.11359410487666367,0.21767409419367995
5,0.62028957826068987,0.0094047526406876199,0.37030566909862261
6,0.0042580829660676927,0.4432457584954555,0.55249615853847678
7,0.5262811321738553,0.19389309166738772,0.27982577615875703
8,0.22907641632145434,0.19097826645433078,0.57994531722421494
9,0.29616071639930996,0.39045970243359046,0.31337958116709952
10,0.65555480406507016,0.16111333384572371,0.18333186208920615
11,0.051507879003325846,0.39418333889432183,0.55430878210235224
12,0.81294801916469095,0.06326105045358231,0.12379093038172664
13,0.51285206704611397,0.17947310680461998,0.30767482614926606
14,0.081195962894422352,0.36257593943317129,0.55622809767240633
15,0.8955630246856251,0.083929651778061373,0.020507323536313543
16,0.82506617585765873,0.074192177316453056,0.10074164682588825
17,0.65973730184446711,0.17420653939463479,0.16605615876089808
18,0.33708735354385722,0.33457093520856906,0.32834171124757372
19,0.2989427547735985,0.31473420276665137,0.38632304245975002
20,0.79579361534824478,0.069179648068243324,0.1350267365835118
21,0.26297181334562747,0.12043607506811277,0.61659211158625982
22,0.515118988186406,0.24319087450872259,0.24169013730487138
23,0.4873581751548039,0.22475784527690867,0.28788397956828743
24,0.84500609655468972,0.10656346544199374,0.048430438003316603
25,0.61229637319207308,0.1962690163105307,0.1914346104973963
26,0.73795681266404833,0.12200336557636929,0.14003982175958227
27,0.49996901063427879,0.24479805618139455,0.25523293318432666
28,0.29175867197210487,0.37424170511304561,0.33399962291484947
29,0.32441595154472486,0.18750700666095613,0.48807704179431899
30,0.034193035418758913,0.41404067142906459,0.55176629315217651
31,0.27385750524873514,0.10714609755391463,0.61899639719735022
32,0.17990788320001319,0.24773914564248115,0.57235297115750572
33,0.44836726686467154,0.26622664301051074,0.28540609012481777
34,0.15445557188776426,0.28120494165285287,0.56433948645938281
35,0.25118337418132219,0.31080102274769406,0.43801560307098364
36,0.40533074355848892,0.29104762064830242,0.30362163579320861
37,0.41257726393481048,0.24666737207268799,0.34075536399250161
38,0.29342294632331262,0.36039206231889764,0.34618499135778968
39,0.29393397763043866,0.3766677815895042,0.32939824078005725
40,0.062098357656862252,0.3898935526381595,0.54800808970497827
41,0.57447423812107123,0.22027492725484721,0.20525083462408164
42,0.35960350618162651,0.3042725916497469,0.33612390216862664
43,0.3640732348719069,0.3094327048523467,0.32649406027574646
44,0.5611522204302285,0.012296986395451147,0.42655079317432026
45,0.50283399379794524,0.24212700224591638,0.25503900395613832
46,0.21667449983339535,0.37185984310462944,0.41146565706197519
47,0.60924469604460607,0.070713782991643631,0.32004152096375027
48,0.83581478974678658,0.11043931969720751,0.053745890556005878
49,0.7432927321643491,0.022827410706367221,0.23387985712928375
50,0.30313432919324235,0.22530648188913951,0.47155918891761811
51,0.27734351119687017,0.39569554665127094,0.32696094215185895
52,0.044330944705660937,0.41358920891883644,0.54207984637550255
53,0.24567877265382085,0.14761086312646643,0.60671036421971258
54,0.28553548382331762,0.13186676710423254,0.58259774907244977
55,0.36508169913600591,0.24668205562574227,0.38823624523825195
56,0.49131963872508272,0.15548909365283287,0.35319126762208453
57,0.48182803337838692,0.16117139776655562,0.35700056885505749
58,0.45159597249604333,0.21388949642378205,0.33451453108017459
59,0.57648992694146783,0.0044025816090104298,0.41910749144952181
60,0.48564435989782578,0.047529588095080205,0.46682605200709393
61,0.36916429084527358,0.311994185182011,0.31884152397271537
62,0.21750048640294867,0.38649351321681658,0.39600600038023476
63,0.14287122329299795,0.40899632633540844,0.44813245037159355
64,0.0,0.46132778188591644,0.5386722181140835
65,0.24150093978842685,0.30837876995305147,0.45012029025852168
66,0.41182617145674894,0.21984519505353931,0.36832863348971173
67,0.30583163846150696,0.32384334558984801,0.37032501594864509
68,0.21812659700285175,0.34558961239592145,0.4362837906012268
69,0.16959332130226157,0.27252793937914793,0.55787873931859044
70,0.05451988651373009,0.39760614085827334,0.54787397262799664
71,0.70861299436007974,0.034050935555572877,0.25733607008434739
72,0.14480523253437169,0.29329276676626304,0.56190200069936524
73,0.18705379710024372,0.25519468763534353,0.5577515152644128
74,0.2614247623864458,0.38276309772699407,0.35581213988656002
75,0.20500484062108279,0.22959715330922023,0.56539800606969692
76,0.22933068540586538,0.34880005379740503,0.42186926079672959
77,0.80856749567953512,0.12402346753481443,0.067409036785650453
78,0.45045362935645339,0.16500951944796888,0.38453685119557779
79,0.38700970175491983,0.28864284909160243,0.3243474491534778
80,0.43326798787108017,0.13701384497422517,0.42971816715469457
81,0.26622658326361492,0.37385603220403174,0.35991738453235328
82,0.46493705563817195,0.15204004939513077,0.38302289496669734
83,0.45604851703001781,0.16067771955502208,0.38327376341496017
84,0.30835587862811847,0.32203525946807454,0.36960886190380698
85,0.86883820375179643,0.04721771495387974,0.083944081294323902
86,0.15905285883115955,0.26631577405759477,0.57463136711124563
87,0.54322429386757121,0.20497549391039283,0.25180021222203591
88,0.29118477414359173,0.086908566010813273,0.62190665984559501
89,0.29274025532684295,0.34782028916285923,0.35943945551029771
90,0.61316097960203397,0.0091202506763477919,0.37771876972161816
91,0.24721053447953478,0.32170229555004742,0.43108716997041774
92,0.1337693666343921,0.31947971640020267,0.54675091696540512
93,0.39431074159267843,0.14181607951149205,0.46387317889582963
94,0.22584904865124508,0.19456067842980493,0.57959027291894993
95,0.10058147675992166,0.34177539544145613,0.55764312779862224
96,0.027974017789730618,0.44388850140961206,0.52813748080065737
97,0.26843288062767223,0.39504380747113055,0.33652331190119716
98,0.17890282628270787,0.26299282892106385,0.55810434479622828
99,0.13830993085171514,0.41347510921327607,0.44821495993500876
100,0.48641596361194289,0.16791128050159751,0.34567275588645968
101,0.013130116255893335,0.44007814242642634,0.54679174131768038
102,0.69234941553717788,0.057389288431117992,0.25026129603170399
103,0.37589863058561035,0.23672805121905491,0.38737331819533488
104,0.90428065050737472,0.058841739311553377,0.036877610181071885
105,0.01194965775554026,0.46008286210529903,0.52796748013916073
106,0.12775610246547539,0.31075833064128155,0.56148556689324314
107,0.26430919483063159,0.29416943899472625,0.44152136617464205
108,0.21864780268531531,0.20262083709377593,0.57873136022090876
109,0.27200698432250808,0.37552714844724516,0.3524658672302467
110,0.34255483973038864,0.19634294973205987,0.4611022105375514
111,0.56665374046656158,0.028071702023915443,0.40527455750952285
112,0.35575880868288279,0.25479207573929169,0.38944911557782547
113,0.651373190757637,0.014798790671724356,0.33382801857063865
114,0.76570199496492319,0.084335723349027794,0.149962281686049
115,0.5366233677812422,0.23194318435737932,0.23143344786137848
116,0.66006685442855406,0.071597409526797703,0.26833573604464828
117,0.26078601582306027,0.12785165701006876,0.611362327166871
118,0.08552336690314899,0.35875982544930146,0.5557168076475496
119,0.34019407700354715,0.26187106006192257,0.39793486293453029
120,0.13089117356123259,0.32241272927222292,0.54669609716654455
121,0.07067870721648338,0.40068412899085226,0.52863716379266434
122,0.59644683935367571,0.13648628627644396,0.2670668743698803
123,0.28067997819725926,0.35097722851633101,0.36834279328640973
124,0.29822076454529778,0.33301066946424279,0.36876856599045937
125,0.25906792503042242,0.14768291907537151,0.59324915589420602
126,0.010190359400968317,0.4512134562994532,0.53859618429957845
127,0.24715706859976827,0.30267824953931249,0.45016468186091924
128,0.025905549522687976,0.42930335039501727,0.54479110008229481
129,0.26915525213692687,0.295823432251132,0.43502131561194107
130,0.093199649444413335,0.3530069932364675,0.55379335731911927
131,0.57507979612251514,0.21192429670375917,0.21299590717372571
132,0.12243124629953259,0.33516511475061622,0.54240363894985122
133,0.33391587699699204,0.18713002052557903,0.47895410247742892
134,0.25080830073227595,0.16806851830972294,0.58112318095800108
135,0.3196703061718334,0.081542878450029485,0.59878681537813716
136,0.86901319091039164,0.095684341255674127,0.035302467833934245
137,0.79246740529743787,0.051007770503147212,0.1565248241994148
138,0.20279480525637861,0.37451679969977597,0.42268839504384537
139,0.59517583348651237,0.068116441528629543,0.33670772498485807
140,0.26254425207388632,0.40906852844241426,0.32838721948369937
141,0.78703635475122857,0.030767312494769265,0.18219633275400213
142,0.24578953954330165,0.14030920014929052,0.61390126030740777
143,0.082223600491927742,0.36135987416316229,0.55641652534491004
144,0.7353177022137104,0.047920634209519544,0.21676166357677007
145,0.027959647510159415,0.43956975481201893,0.53247059767782168
146,0.25184453241894983,0.3971532996986652,0.35100216788238497
147,0.44823872118605124,0.2097701641424411,0.34199111467150772
148,0.47314695041425253,0.20264878561597849,0.32420426396976892
149,0.043039563557874805,0.42289899556673577,0.53406144087538943
150,0.21671968608028669,0.34865851442067408,0.43462179949903923
151,0.81565878030841144,0.11168174229656662,0.072659477395021863
152,0.62252138177939176,0.094253321942907364,0.28322529627770088
153,0.16268406297531465,0.41780534471890296,0.41951059230578241
154,0.7921493629531503,0.12146014607709363,0.086390490969756054
155,0.46383143163897206,0.22629876949165184,0.30986979886937605
156,0.33009099069223369,0.29939784573029604,0.37051116357747022
157,0.89524463643764574,0.087065716348251956,0.017689647214102256
158,0.47947374027805223,0.18296328361013578,0.33756297611181202
159,0.19802916934587073,0.2484516494142765,0.55351918123985289
160,0.26681893987172223,0.15302524331904549,0.58015581680923223
161,0.77728742039810017,0.13215332263651944,0.09055925696538035
162,0.53811602211941134,0.16389446683997239,0.29798951104061627
163,0.26593331422498623,0.2723330882265379,0.46173359754847576
164,0.27039277205956108,0.39811602414580605,0.33149120379463293
165,0.54077695563674688,0.23191483375181268,0.22730821061144046
166,0.33421306653360866,0.33798607948275883,0.32780085398363235
167,0.8476464971021791,0.044147630155212288,0.10820587274260858
168,0.47045982709356909,0.22480848943196613,0.30473168347446478
169,0.67410900034185373,0.12677618041399186,0.19911481924415428
170,0.79966772337826331,0.033408465670182227,0.16692381095155442
171,0.88030025213678142,0.0734118003653291,0.046287947497889406
172,0.81367915710761374,0.087567185176530365,0.098753657715855939
173,0.72901027964686704,0.10186071925518929,0.16912900109794368
174,0.13406121096218929,0.30714779500943168,0.55879099402837906
175,0.27938886081296982,0.38164336203905419,0.33896777714797593
176,0.38064139545233822,0.27258095410171229,0.34677765044594955
177,0.44089972959612134,0.27263177316409914,0.28646849723977952
178,0.41488157847495821,0.24470948012736241,0.34040894139767941
179,0.35490180804118343,0.16444514197056742,0.48065304998824915
180,0.012787111645408966,0.45830171107994216,0.52891117727464876
181,0.23978110777510159,0.34125209012537305,0.41896680209952536
182,0.23775619322733829,0.31465962606470538,0.44758418070795625
183,0.25143829003872931,0.29843281740933503,0.45012889255193572
184,0.79525792369676052,0.12610646642629733,0.07863560987694225
185,0.29453392612596346,0.26151623541687535,0.44394983845716129
186,0.27082339260856669,0.26646256361028126,0.46271404378115205
187,0.49085814096100139,0.24325524997676637,0.26588660906223227
188,0.020950626645923773,0.44924764534749467,0.52980172800658154
189,0.456364546740748,0.19379486413155822,0.34984058912769378
190,0.60047221449736476,0.076003276165846997,0.32352450933678828
191,0.48610993281694526,0.13336918840897619,0.38052087877407859
192,0.32491138754599197,0.3654815067366361,0.30960710571737188
193,0.93175258593496946,0.068247414065030487,0.0
194,0.06026325346082019,0.39095167051328966,0.54878507602589011
195,0.14398960784328507,0.43430331783759396,0.42170707431912097
196,0.74164870911602576,0.05874772986008419,0.19960356102388985
197,0.5207307852717219,0.19191858336886361,0.28735063135941458
198,0.38815065155022466,0.26755508015981971,0.34429426828995568
199,0.065640234967453054,0.37991067666487682,0.55444908836767015
200,0.80625338571606953,0.034579204590199156,0.15916740969373144
201,0.15128497075785574,0.42715731571922538,0.42155771352291893
202,0.049226781484937573,0.39869299828319293,0.55208022023186942
203,0.26150521635056934,0.4017870988291054,0.33670768482032531
204,0.74065101185599846,0.14846837763289761,0.11088061051110377
205,0.1740619050099223,0.41067990237658486,0.41525819261349289
206,0.77577776011995303,0.091159174715305297,0.13306306516474178
207,0.2185000202068515,0.37238045839268208,0.40911952140046659
208,0.074460310577445579,0.39055268843332069,0.53498700098923369
209,0.69031631329763943,0.1235039072637221,0.18617977943863837
210,0.33116212222226094,0.32766840626934374,0.34116947150839533
211,0.24402716174300845,0.41058818212572462,0.34538465613126701
212,0.29773315205058165,0.22962949359330964,0.47263735435610876
213,0.5646087530447883,0.21988853478113196,0.21550271217407974
214,0.70456056020576419,0.11392980578137156,0.18150963401286416
215,0.26073052777540012,0.28292349537129269,0.45634597685330719
216,0.24193300449221039,0.31252759953123305,0.44553939597655656
217,0.35139011555963684,0.30127350613933979,0.34733637830102343
218,0.28429134851787619,0.36987249349900597,0.34583615798311784
219,0.033709238647320068,0.43249443244422853,0.53379632890845141
220,0.3781314583452221,0.14133460678682436,0.48053393486795348
221,0.21986660527181223,0.37271310039389316,0.4074202943342945
222,0.35513758769535947,0.26230320680911029,0.38255920549553019
223,0.099113209554900814,0.3618079429007301,0.53907884754436919
224,0.49316766553351138,0.21207985826077633,0.29475247620571221
225,0.84265541135759692,0.10207385126397901,0.055270737378424091
226,0.75170843371864005,0.14358538342601665,0.10470618285534329
227,0.31933538505877779,0.3618981481255556,0.31876646681566678
228,0.29813395572049933,0.37623423271565426,0.32563181156384635
229,0.70949457655339454,0.016834680333613766,0.27367074311299178
230,0.5618238896700144,0.19788461701585988,0.24029149331412564
231,0.28426633497969583,0.35029433070870242,0.36543933431160175
232,0.5053010354170514,0.22135232873148261,0.2733466358514659
233,0.05660058636254451,0.40028929978901273,0.54311011384844277
234,0.57197954318681932,0.22995015454953621,0.19807030226364447
235,0.110783073972503,0.35156059264547285,0.53765633338202423
236,0.42888951333133912,0.27855407069980015,0.29255641596886084
237,0.3958223824970234,0.27260085587145916,0.33157676163151739
238,0.54541628725450542,0.19167190215546262,0.26291181059003188
239,0.3794893081090765,0.29860242873767961,0.32190826315324378
240,0.69247125711527835,0.019047314354832132,0.28848142852988945
241,0.24551944563812092,0.17707862994360235,0.57740192441827676
242,0.20676049831063334,0.36679688947393874,0.42644261221542784
243,0.78430444714306069,0.093005839471884316,0.1226897133850549
244,0.2762301946468611,0.26020825572385092,0.46356154962928797
245,0.66141566751077363,0.083949204874607664,0.25463512761461854
246,0.32244658194154546,0.37256837378996394,0.30498504426849055
247,0.16717489170663735,0.40467279353885649,0.42815231475450605
248,0.31048079905585807,0.21777409364798692,0.4717451072961551
249,0.3800059190008418,0.30168809969813337,0.31830598130102478
250,0.2976552618630311,0.3692175773777252,0.33312716075924359
251,0.15361419710696009,0.40750080085598439,0.43888500203705549
252,0.59268113255244892,0.18160021387350461,0.22571865357404636
253,0.095510743511115576,0.34674563849019863,0.55774361799868577
254,0.31381794939471308,0.33461269984706432,0.35156935075822254
255,0.50211218131652735,0.24370818576305028,0.25417963292042234
256,0.68578302070443653,0.1204380526369391,0.19377892665862437
257,0.089785167600819046,0.35712968451031957,0.55308514788886132
258,0.090711304140711449,0.37211205691276766,0.5371766389465209
259,0.52586781333746468,0.2321555262439933,0.2419766604185421
260,0.27490727939178716,0.36890459831173272,0.35618812229648
261,0.54929845246875553,0.017588077620857238,0.43311346991038718
262,0.016444275625987086,0.45215831439984555,0.5313974099741674
263,0.89224209625746875,0.080538548077405819,0.027219355665125306
264,0.28648618250439306,0.24711485191053115,0.46639896558507582
265,0.1572790408220413,0.29502801855492461,0.54769294062303409
266,0.52961960237850136,0.19980880729663997,0.27057159032485856
267,0.052543333065104093,0.41572640877217804,0.53173025816271779
268,0.65957457048942802,0.16975229176495649,0.17067313774561543
269,0.13428748471659571,0.33063436600877633,0.53507814927462793
270,0.29414943535705323,0.24404662153401516,0.46180394310893169
271,0.10786246633031586,0.36065352734185979,0.53148400632782433
272,0.53683604774129356,0.19552527402045608,0.26763867823825044
273,0.16239638379710883,0.41373813333432446,0.42386548286856673
274,0.2725302664552503,0.36225662418327453,0.36521310936147511
275,0.39166381837299857,0.29780808731239006,0.31052809431461142
276,0.24996743930458384,0.38924168679444948,0.36079087390096665
277,0.74822386616161563,0.035061743967301308,0.21671438987108296
278,0.58529159274781783,0.21358804924801161,0.20112035800417061
279,0.50201446801912486,0.025475535462681602,0.47250999651819348
280,0.90081970659432664,0.076739721919110326,0.022440571486563039
281,0.30050165433592796,0.33974152410092501,0.35975682156314692
282,0.29137521129027572,0.36083961948093018,0.34778516922879416
283,0.1033173256897324,0.36282655789879759,0.53385611641147002
284,0.79133071757810391,0.025869906452585186,0.18279937596931092
285,0.27273000472803621,0.430223122124885,0.29704687314707862
286,0.17129749392863663,0.25510694274025508,0.57359556333110839
287,0.61135457269145088,0.0032672176667474921,0.38537820964180175
288,0.297059571808442,0.23220668539631859,0.47073374279523927
289,0.51344994004565503,0.14115539833936858,0.34539466161497634
290,0.77639417551614609,0.023033408003537727,0.20057241648031618
291,0.85846242126977224,0.10099568593418178,0.040541892796045823
292,0.77020692618055042,0.1362245286988488,0.093568545120600699
293,0.84583501770537606,0.095190732862164701,0.058974249432459123
294,0.79111485437858986,0.1286498080686127,0.080235337552797478
295,0.77814125809461954,0.082634640527909087,0.13922410137747146
296,0.79914981797369933,0.077389882339455984,0.12346029968684472
297,0.33571238191709002,0.29113559567100067,0.37315202241190931
298,0.72489759017294864,0.018177472318798557,0.25692493750825285
299,0.80529997074230986,0.12269178202776782,0.072008247229922301
300,0.34265477436724195,0.25956082505085593,0.39778440058190223
301,0.30515877018542531,0.24509096751800882,0.44975026229656584
302,0.59985579390140542,0.2086009261844203,0.19154327991417422
303,0.14606236258299105,0.31162228960445265,0.5423153478125563
304,0.2675291613703133,0.27845862939934929,0.45401220923033747
305,0.2825372869339664,0.41475213689338047,0.30271057617265312
306,0.14780715758526361,0.42653029523841202,0.4256625471763244
307,0.20878602738640314,0.36418708541734801,0.42702688719624893
308,0.14152957061029869,0.43264662709222163,0.42582380229747979
309,0.34168125596865317,0.12923664831649756,0.52908209571484921
310,0.015170873543474381,0.43488586138849739,0.54994326506802826
311,0.67462547170242027,0.16600835903879751,0.1593661692587823
312,0.27157157574492397,0.40089862613071686,0.32752979812435917
313,0.29236545870826935,0.41326409761108235,0.2943704436806483
314,0.29864542304853875,0.37844080231268723,0.32291377463877396
315,0.22946169946396172,0.32871063330220146,0.44182766723383682
316,0.04817965123894917,0.3961306020339827,0.55568974672706817
317,0.74581583557077902,0.14670966464768634,0.10747449978153471
318,0.84161247836414521,0.106757905362697,0.051629616273157833
319,0.20068664521056356,0.23389331773986691,0.56542003704956956
320,0.20082168206247514,0.21809474018562094,0.58108357775190389
321,0.47847221290683567,0.23538432134651799,0.2861434657466464
322,0.27821421591528378,0.25829989511187684,0.46348588897283927
323,0.56303031438246365,0.18213244227206044,0.25483724334547592
324,0.29027570851731055,0.37648889189374901,0.33323539958894055
325,0.28206137808434867,0.25141468034512549,0.46652394157052585
326,0.25892692253606736,0.28965842680366588,0.45141465066026665
327,0.4425022885410701,0.14494837638999206,0.41254933506893787
328,0.29137909756022268,0.38539065541994494,0.32323024701983233
329,0.061464213748769848,0.38330308541052582,0.55523270084070431
330,0.5961138382631086,0.13134252123146123,0.27254364050543017
331,0.11734921276248655,0.33763772728948849,0.54501305994802496
332,0.25705590997844868,0.39026200403341132,0.35268208598813999
333,0.12698835278863407,0.31270264818518617,0.5603089990261797
334,0.52436258634565902,0.1474226345660001,0.32821477908834085
335,0.72238690909216441,0.11884314282821404,0.15876994807962166
336,0.63610252607517404,0.032249394281664762,0.33164807964316129
337,0.022787505391954174,0.42506964027106547,0.5521428543369804
338,0.61491695943544056,0.082315282564809494,0.30276775799974992
339,0.10986074271594498,0.3353760082939885,0.55476324899006646
340,0.15471551425894647,0.2806110363916276,0.56467344934942598
341,0.34544897159167703,0.28585961034019991,0.36869141806812306
342,0.26445066162763003,0.39758025901632321,0.33796907935604686
343,0.63602964741014645,0.11036524404317169,0.25360510854668183
344,0.16716718840173853,0.27870850687261822,0.55412430472564334
345,0.049106649127456936,0.41993645671626456,0.53095689415627845
346,0.31898331113357858,0.36005387222246299,0.32096281664395832
347,0.52600060574153795,0.19604973151603217,0.27794966274242999
348,0.55706429397332635,0.17828241861676974,0.26465328740990385
349,0.70495776298842006,0.021415211366751927,0.27362702564482783
350,0.16694439271393982,0.42283898415456789,0.41021662313149237
351,0.74316195352838343,0.11363456049973156,0.1432034859718849
352,0.39699159609228546,0.30881265959450366,0.29419574431321088
353,0.36088487966820132,0.012613656297173122,0.62650146403462548
354,0.21265051107777447,0.21063680910622412,0.57671267981600138
355,0.013187796916452851,0.43743602574720369,0.54937617733634347
356,0.30780785107782688,0.34215080304540058,0.3500413458767726
357,0.19621205042331252,0.37583306125449406,0.42795488832219336
358,0.15504950578075932,0.29213037547736259,0.55282011874187809
359,0.22369327757673807,0.37988588811344171,0.39642083430982028
360,0.13647538899718178,0.44520064662293879,0.41832396437987945
361,0.028643156076311144,0.42192895297264588,0.54942789095104294
362,0.5857605427704492,0.087676629279908588,0.3265628279496422
363,0.10109714108585047,0.34515681330048775,0.55374604561366181
364,0.35660448346617374,0.31845323405889603,0.32494228247493029
365,0.54159414829473485,0.22817310384632644,0.23023274785893869
366,0.35990750305304375,0.32598619224793529,0.31410630469902079
367,0.57550342661017417,0.22174261568107448,0.20275395770875129
368,0.13040252049052253,0.30844286339571753,0.56115461611375994
369,0.52406791073764769,0.1744376512367142,0.30149443802563813
370,0.42640285703675801,0.045463295324066524,0.52813384763917548
371,0.65474190689609046,0.065194723741312952,0.28006336936259674
372,0.58405224884546225,0.13425757468197017,0.2816901764725675
373,0.27814596168054662,0.3552920351830624,0.36656200313639098
374,0.70709266421165018,0.16125504936052867,0.13165228642782106
375,0.40063146624471913,0.29269221767836967,0.30667631607691126
376,0.36418362166978974,0.12819264902681948,0.50762372930339072
377,0.56107703784565832,0.050625438547310248,0.3882975236070314
378,0.1742164933058144,0.39578258634267161,0.43000092035151399
379,0.063821536597200565,0.38199055109661056,0.55418791230618891
380,0.27776171876871858,0.41346356588884647,0.308774715342435
381,0.39261442929870993,0.29778214692671878,0.30960342377457123
382,0.47800118583043738,0.0237178494254244,0.49828096474413819
383,0.53332835970309844,0.1979720797467292,0.26869956055017241
384,0.29654586390136983,0.38136983074205494,0.32208430535657512
385,0.12241408644473994,0.33839323268206845,0.5391926808731915
386,0.46919752249894831,0.16758228199419969,0.36322019550685197
387,0.55991161797213818,0.14859682494315152,0.29149155708471036
388,0.40085668936077629,0.19244512216105292,0.4066981884781708
389,0.11079122315872894,0.33081631650437043,0.55839246033690071
390,0.20439308063275641,0.36898221885752386,0.42662470050971979
391,0.5713980626873767,0.18186702645210984,0.24673491086051347
392,0.47017871410582313,0.15850436929358383,0.37131691660059302
393,0.34571517437622235,0.12295088519087301,0.53133394043290472
394,0.067094732879256186,0.37589573555917261,0.55700953156157118
395,0.76052676792543816,0.14080517443953397,0.098668057635027825
396,0.31523325870283142,0.36082487171514716,0.32394186958202142
397,0.033154924871405256,0.41943589068943299,0.54740918443916176
398,0.1139780399234325,0.32782936334891483,0.55819259672765276
399,0.35530754549223464,0.33408771257059866,0.31060474193716675
400,0.24114195357971643,0.16692682963221142,0.59193121678807226
401,0.89483090635641516,0.081960328628269422,0.023208765015315547
402,0.46318735602746852,0.16534858358659971,0.37146406038593172
403,0.008889670412069603,0.4396169819397579,0.55149334764817259
404,0.2071535650963626,0.21180378935706642,0.58104264554657092
405,0.27361454129323803,0.43209782713891959,0.29428763156784238
406,0.87167691965340821,0.095431071667799697,0.032892008678792176
407,0.78938119714453958,0.13251736428301672,0.07810143857244381
408,0.58417099554578633,0.12263407124208207,0.29319493321213169
409,0.11983253775416736,0.32415628275440622,0.55601117949142642
410,0.58150735967260303,0.21602233989105554,0.20247030043634154
411,0.13091181421032724,0.30966282801840761,0.55942535777126512
412,0.29174167385235533,0.23805019924729962,0.47020812690034502
413,0.19966835667039359,0.38919754550875912,0.41113409782084726
414,0.384734358444004,0.26696373418823299,0.34830190736776306
415,0.76195694296196492,0.14166710963062332,0.096375947407411733
416,0.46920018014745424,0.22946710830318201,0.30133271154936386
417,0.06869065302706058,0.37228901713814866,0.55902032983479089
418,0.31853515976702956,0.19852551199955668,0.48293932823341373
419,0.28573168461530368,0.39694437217921397,0.31732394320548246
420,0.44709482081448787,0.27444559988468609,0.27845957930082599
421,0.26116436234961632,0.13376995952118145,0.6050656781292022
422,0.69128120214659361,0.16750016999166981,0.1412186278617367
423,0.54982737631500278,0.15230187540862811,0.29787074827636922
424,0.49537655852234774,0.13781175169611551,0.36681168978153678
425,0.26118382522778116,0.4056774714386987,0.33313870333352003
426,0.6708790986766624,0.016938741633609616,0.31218215968972801
427,0.26198948615865919,0.37761523328765179,0.36039528055368908
428,0.073690094109493606,0.37539592267931682,0.55091398321118956
429,0.42769072873937763,0.28450705283843164,0.28780221842219067
430,0.78040015894459225,0.029486915693262009,0.19011292536214577
431,0.61347746232620715,0.05912253030188265,0.32740000737191022
432,0.029829671420278044,0.41771948792449137,0.55245084065523054
433,0.85143630482236266,0.09494655264191959,0.053617142535717699
434,0.41645329181620017,0.2871752967665252,0.29637141141727469
435,0.058074525768837482,0.4085080131322667,0.53341746109889576
436,0.4230516067153367,0.25441308415078945,0.32253530913387396
437,0.051507512710967096,0.41871387443189106,0.5297786128571419
438,0.13887840491406087,0.46059856712473146,0.40052302796120764
439,0.29800156261287103,0.23240584136508086,0.46959259602204806
440,0.67046778639614213,0.11700480710716088,0.21252740649669705
441,0.28334720796339063,0.25413084519705392,0.46252194683955533
442,0.22066069622964071,0.36125258655933773,0.41808671721102147
443,0.27353544109374983,0.27108296223039963,0.45538159667585049
444,0.34214798134314772,0.26707688641845667,0.39077513223839566
445,0.038537592433080817,0.408641852318958,0.55282055524796125
446,0.57838240127284946,0.04947487565351822,0.37214272307363233
447,0.31693285857274422,0.3616538020190293,0.32141333940822653
448,0.40002928230730217,0.26236853853469222,0.33760217915800561
449,0.26602727109876928,0.37263112127283893,0.36134160762839168
450,0.36991626629123514,0.23024510808065213,0.39983862562811284
451,0.55589271669844587,0.22006437181172528,0.22404291148982894
452,0.013399707137581728,0.45977933571922924,0.52682095714318911
453,0.56352037227022322,0.22585736351169802,0.21062226421807884
454,0.50280447372834003,0.24967974210687213,0.24751578416478781
455,0.19683304263702708,0.37045658126749992,0.43271037609547308
456,0.57437287712542373,0.23983897349975664,0.18578814937481947
457,0.2119588806925426,0.37004818418035867,0.41799293512709879
458,0.31472539618180345,0.35508276922441318,0.33019183459378332
459,0.39202067952691477,0.12317548844448101,0.48480383202860422
460,0.094460124121631309,0.34700423179765327,0.55853564408071543
461,0.048830757050964513,0.39758853365911201,0.55358070928992342
462,0.078985133366372126,0.36505386768823067,0.5559609989453973
463,0.14693708464291044,0.28983514767038737,0.56322776768670202
464,0.85195851044554261,0.10392371668651651,0.044117772867940885
465,0.40470997689381255,0.24147898761477074,0.35381103549141674
466,0.35341483170980564,0.32484828315327985,0.32173688513691451
467,0.18238439933276263,0.40068134432031799,0.41693425634691939
468,0.097211666236436733,0.3522848754611404,0.55050345830242287
469,0.60780510277249622,0.16019317145520229,0.23200172577230144
470,0.53232863807845887,0.10470483714330461,0.36296652477823643
471,0.25796066413593877,0.38669588985155717,0.35534344601250412
472,0.80171059080438933,0.053656391870565361,0.14463301732504524
473,0.66577186676203493,0.009144344282421505,0.32508378895554352
474,0.28744935480925254,0.33721549795929129,0.37533514723145606
475,0.041910298623154846,0.40544188615946031,0.55264781521738493
476,0.4182105483499422,0.13630165087151222,0.44548780077854561
477,0.19470245475625195,0.39474363231588178,0.4105539129278663
478,0.51986540002253889,0.23216123824689011,0.24797336173057102
479,0.25986536955573436,0.28214097838532437,0.45799365205894116
480,0.32136915710324993,0.3532462195384416,0.32538462335830848
481,0.41962645394988451,0.22361872816585879,0.35675481788425667
482,0.25444320349131849,0.31519572703464088,0.43036106947404057
483,0.4355015820149869,0.2397626671396256,0.32473575084538753
484,0.34384904794523857,0.33092914797943335,0.32522180407532808
485,0.13747941951321269,0.30146281383868512,0.56105776664810225
486,0.28668505961916196,0.12570875261470552,0.58760618776613249
487,0.88436860357743441,0.053005845527180247,0.062625550895385351
488,0.31401499384146736,0.23484113639998871,0.45114386975854404
489,0.37298396002881601,0.14897243937279964,0.47804360059838441
490,0.046146168491995661,0.40296159523249037,0.55089223627551409
491,0.011266737439364705,0.4365594894200453,0.55217377314059002
492,0.5134351155104655,0.20817449498652438,0.27839038950301009
493,0.79404589250779856,0.079350030888105688,0.12660407660409576
494,0.72126860203879095,0.053584478659770632,0.22514691930143849
495,0.15853843819826038,0.27676209550365749,0.56469946629808221
496,0.8848303538840987,0.076172276130066441,0.038997369985834897
497,0.27399924650250607,0.36534248801401598,0.3606582654834779
498,0.086771991549334307,0.37590187374830908,0.53732613470235668
499,0.1723995788945499,0.39982143143063237,0.42777898967481776
500,0.18517139260578044,0.26085681549941525,0.55397179189480428
501,0.31805210131613237,0.21734684301575471,0.46460105566811299
502,0.56661748242211851,0.0,0.43338251757788138
503,0.2650042655907946,0.39587627077764287,0.33911946363156242
504,0.19218866341127344,0.25324848207023165,0.55456285451849485
505,0.51180285657255553,0.24695874442823548,0.24123839899920899
506,0.36164622953697839,0.26298961990961994,0.37536415055340172
507,0.246888122089479,0.33029562583478345,0.42281625207573748
508,0.2286042782561741,0.34009790569193693,0.43129781605188905
509,0.38215295167724278,0.28746082153233793,0.33038622679041924
510,0.13734533761843232,0.30162778328522344,0.5610268790963443
511,0.23617600086110813,0.18301199261745377,0.58081200652143805
512,0.16392982630486258,0.2971735613279628,0.53889661236717457
513,0.23489317840947929,0.32322972591037497,0.44187709568014577
514,0.3932456050975025,0.15758421117092575,0.4491701837315718
515,0.52322369009586156,0.2160356731569599,0.26074063674717857
516,0.22751361037171766,0.19289666947834977,0.57958972014993249
517,0.25699180058717852,0.12828672009696601,0.61472147931585552
518,0.25342231157462686,0.29469106751377855,0.45188662091159459
519,0.10140348895145286,0.35556671997528139,0.54302979107326577
520,0.090571110197192078,0.3525638641456133,0.55686502565719465
521,0.17989326195678831,0.27835498874911335,0.54175174929409831
522,0.18174899575118761,0.27750644124847446,0.54074456300033791
523,0.25480565625954832,0.13051648067458804,0.61467786306586358
524,0.836905152588725,0.040498991928890553,0.12259585548238441
525,0.23934112883269121,0.16870340765522082,0.59195546351208794
526,0.31340330770578889,0.35987756970345108,0.32671912259076002
527,0.79251520151669808,0.031833227969241734,0.17565157051406025
528,0.17153694236055514,0.26112204229379499,0.56734101534564996
529,0.2424308131180351,0.3445419372308246,0.41302724965114024
530,0.49828874393822836,0.25135545700944506,0.25035579905232647
531,0.29195149379630669,0.33187065695038581,0.37617784925330755
532,0.19191024091226427,0.22922219392977217,0.57886756515796356
533,0.31296553928415261,0.22048572559211366,0.46654873512373368
534,0.27178280406825134,0.38893146904617087,0.33928572688557779
535,0.48914210486108634,0.23649734474886164,0.27436055039005192
536,0.16479252716023962,0.26924598304704722,0.5659614897927131
537,0.50436221482744559,0.21187371691844009,0.28376406825411438
538,0.32826521019869342,0.31832936443136617,0.35340542536994035
539,0.72448674552427994,0.024582293535315478,0.25093096094040451
540,0.018114325967298745,0.43069271251121649,0.55119296152148467
541,0.27460052603051649,0.37792730643010752,0.34747216753937593
542,0.027259629852840004,0.42081497139884821,0.55192539874831181
543,0.57274288373242144,0.16462081367452555,0.26263630259305315
544,0.66423368289095353,0.062566136575583436,0.27320018053346312
545,0.043673511921855292,0.40068528740481296,0.55564120067333178
546,0.28851066740058634,0.34527455730031109,0.36621477529910251
547,0.67597431971381072,0.040903934215052902,0.28312174607113638
548,0.75251428861593339,0.038936479975287631,0.20854923140877887
549,0.29304426054530769,0.24784977796719848,0.45910596148749394
550,0.035273200174655024,0.41207863054193661,0.55264816928340843
551,0.32816568020474024,0.34642154148590637,0.32541277830935333
552,0.59002520203257736,0.0049533947275081586,0.40502140323991459
553,0.7024890962162168,0.10754770592339259,0.18996319786039059
554,0.28447481199342461,0.39559556210681018,0.31992962589976526
555,0.30617182739491855,0.10509675578760817,0.58873141681747343
556,0.072500317604606984,0.36840729001138012,0.55909239238401276
557,0.8964842754474408,0.085891964733392584,0.017623759819166536
558,0.36459261897390577,0.28749160901589915,0.34791577201019519
559,0.62432172494887028,0.012240913147212677,0.36343736190391696
560,0.72439846362931504,0.15446606533413906,0.12113547103654594
561,0.49881372867521306,0.16968315938504,0.33150311193974691
562,0.71479438655295846,0.015684354175227493,0.26952125927181403
563,0.39462549169754652,0.29717989298073139,0.30819461532172199
564,0.84310199051595436,0.10732190975324332,0.049576099730802334
565,0.466605393674771,0.15155856211026913,0.38183604421495987
566,0.29169709499459501,0.24093883086271045,0.46736407414269443
567,0.71851196960934438,0.061317637385845787,0.22017039300480984
568,0.27394999840637357,0.39163608999185684,0.33441391160176959
569,0.5591342372870578,0.12625105026888842,0.31461471244405387
570,0.064324000726215705,0.38099691758029391,0.55467908169349034
571,0.29100989890925305,0.3256167668482533,0.38337333424249359
572,0.29944339369695044,0.35272521556472797,0.34783139073832159
573,0.20812219780986796,0.37216415867762936,0.41971364351250262
574,0.27034206377205361,0.15105854174391234,0.57859939448403408
575,0.27697160749093613,0.35720080935790333,0.3658275831511606
576,0.80162307032497326,0.11628917335710681,0.082087756317919813
577,0.40692967180644563,0.29055790856563463,0.3025124196279198
578,0.52920605717353086,0.19593446737193884,0.27485947545453027
579,0.14804830655121856,0.29135341548130134,0.56059827796748007
580,0.15695467807519814,0.29097545888410453,0.55206986304069727
581,0.13832566135697802,0.30143128913051964,0.56024304951250226
582,0.18949189487054605,0.39485600235859597,0.41565210277085807
583,0.21750733600874655,0.36813844563924347,0.41435421835201008
584,0.36732454866032904,0.2760607424372637,0.35661470890240726
585,0.24306749576220402,0.32404284504938569,0.43288965918841033
586,0.77342122116254153,0.1244901676296888,0.10208861120776963
587,0.18237784000044482,0.25522410848394311,0.56239805151561217
588,0.054167128313917748,0.40925147736838247,0.5365813943176998
589,0.49849673983133974,0.21091404557614052,0.29058921459251985
590,0.62258580181880041,0.19605305151232127,0.18136114666887815
591,0.46832926419562659,0.18519768867320865,0.34647304713116478
592,0.3819423977213352,0.29952482816602283,0.31853277411264208
593,0.72612072892257429,0.14795092668811363,0.12592834438931191
594,0.33502018892125063,0.074654636479195804,0.59032517459955347
595,0.15379326178790373,0.30118100924170371,0.5450257289703927
596,0.63341373103551291,0.086047440868880526,0.28053882809560643
597,0.17713179385669639,0.26906826807590378,0.5537999380673998
598,0.22231176127339364,0.21030519782483831,0.56738304090176805
599,0.26327531410884941,0.30394305114267273,0.43278163474847781
600,0.27698116388597371,0.39272304961583143,0.33029578649819491
601,0.92829827426748379,0.069936968979730285,0.0017647567527861129
602,0.14717006355162901,0.29507928517199139,0.55775065127637957
603,0.76694560184022698,0.078517737503758109,0.15453666065601485
604,0.27450674724118002,0.28332853190858664,0.44216472085023328
605,0.37287096148461102,0.30974794347073392,0.317381095044655
606,0.67435532384379604,0.019391484427910343,0.30625319172829363
607,0.07793152742317104,0.38875365824031438,0.53331481433651462
608,0.12076487340869475,0.31820050422192003,0.56103462236938517
609,0.098911868146114898,0.33797848707308009,0.56310964478080505
610,0.50328478819089606,0.17834312636928684,0.31837208543981704
611,0.29853502113073821,0.35496639847452821,0.34649858039473364
612,0.68524814813709611,0.094669181279432829,0.22008267058347097
613,0.60504198915197471,0.15806082155649023,0.236897189291535
614,0.28042046444157759,0.14449760298287162,0.57508193257555085
615,0.2176645292336164,0.18498020050613886,0.59735527026024482
616,0.92430523151782495,0.064467931905076006,0.011226836577098847
617,0.56366359756046136,0.21633637140965406,0.22000003102988458
618,0.81850081823781329,0.055494215262417323,0.12600496649976942
619,0.02365677483733989,0.42543057008640384,0.5509126550762562
620,0.39393834629938079,0.2197501779002739,0.38631147580034525
621,0.43178761971412799,0.14475663542872774,0.42345574485714421
622,0.50340942767676422,0.17204265235687871,0.32454791996635707
623,0.82107974902518965,0.11687754810421684,0.062042702870593477
624,0.77716941137084261,0.12820005745289847,0.094630531176258942
625,0.30419814317190597,0.092642123187909584,0.60315973364018449
